1.2148404121398926
1.1961548328399658
1.2450547218322754
1.2654223442077637
1.2087702751159668
1.1778347492218018
1.2284140586853027
1.1400408744812012
1.2323741912841797
1.140801191329956
1.2022852897644043
1.2122633457183838
1.2396273612976074
1.156158685684204
1.2388923168182373
1.224593162536621
1.1933631896972656
1.1780636310577393
1.2107510566711426
1.221623420715332
1.2193238735198975
1.227471113204956
1.1889533996582031
1.2594211101531982
1.2092113494873047
1.1803512573242188
1.2239151000976562
1.1444859504699707
1.170675277709961
1.146883249282837
1.2290165424346924
1.2182285785675049
1.2429594993591309
1.1685571670532227
1.219440221786499
1.2463560104370117
1.1986243724822998
1.2260661125183105
1.2332367897033691
1.1930971145629883
1.2144625186920166
1.1826574802398682
1.2403144836425781
1.21803879737854
1.1903600692749023
1.2200608253479004
1.171884536743164
1.212693691253662
1.1852836608886719
1.2768819332122803
1.26884126663208
1.2885782718658447
1.2570557594299316
1.229949951171875
1.239198923110962
1.2340068817138672
1.1952176094055176
1.2067325115203857
1.2093579769134521
1.2243657112121582
1.2164843082427979
1.1877081394195557
1.2092421054840088
1.2103214263916016
1.1757209300994873
1.2041282653808594
1.1805753707885742
1.1774497032165527
1.231497049331665
1.174154281616211
1.2235722541809082
1.2008183002471924
1.171281337738037
1.228438377380371
1.2150473594665527
1.2237389087677002
1.2357487678527832
1.1857495307922363
1.1686794757843018
1.238633394241333
1.145158290863037
1.1812052726745605
1.1911861896514893
1.1825900077819824
1.1504921913146973
1.1891803741455078
1.1644599437713623
1.1292803287506104
1.1466686725616455
1.2147784233093262
1.1456763744354248
1.2033681869506836
1.2046446800231934
1.2004904747009277
1.2378039360046387
1.1926219463348389
1.1867542266845703
1.208871603012085
1.2340869903564453
1.2225093841552734
1.1712071895599365
1.1651079654693604
1.1733167171478271
1.1945106983184814
1.1914427280426025
1.1993334293365479
1.1864838600158691
1.2348647117614746
1.2313168048858643
1.166445016860962
1.238685131072998
1.210839033126831
1.166780948638916
1.275820016860962
1.202610731124878
1.2077784538269043
1.2167274951934814
1.208308219909668
1.1427485942840576
1.234354019165039
1.1595566272735596
1.187070608139038
1.1843485832214355
1.1898205280303955
1.2690129280090332
1.2007277011871338
1.195202112197876
1.23406982421875
1.1654620170593262
1.1629557609558105
1.1805951595306396
1.1816058158874512
1.1536140441894531
1.223280906677246
1.1440937519073486
1.1908676624298096
1.2008087635040283
1.1689066886901855
1.188797950744629
1.1766557693481445
1.2208001613616943
1.207259178161621
1.1895673274993896
1.1898720264434814
1.2108182907104492
1.142164707183838
1.234358549118042
1.1948862075805664
1.1659164428710938
1.1502256393432617
1.235914945602417
1.1348752975463867
1.2607512474060059
1.19246244430542
1.1745202541351318
1.099168300628662
1.167696237564087
1.2055695056915283
1.160165786743164
1.1998751163482666
1.212308406829834
1.1952893733978271
1.2143876552581787
1.1764326095581055
1.1873624324798584
1.1234359741210938
1.2348909378051758
1.1865882873535156
1.2567172050476074
1.140946865081787
1.1924245357513428
1.2235746383666992
1.1703872680664062
1.2049238681793213
1.2220077514648438
1.167790174484253
1.2365472316741943
1.1519355773925781
1.2013294696807861
1.2085192203521729
1.1628620624542236
1.2188596725463867
1.2188332080841064
1.181549072265625
1.2057456970214844
1.1815102100372314
1.18641996383667
1.183628797531128
1.1854560375213623
1.135991096496582
1.149738073348999
1.171621322631836
1.1918811798095703
1.239562749862671
1.1485867500305176
1.2339975833892822
1.2343270778656006
1.2055718898773193
1.1891670227050781
1.2174108028411865
