1.8516514301300049
1.8467533588409424
1.8796496391296387
1.9193103313446045
1.8580873012542725
1.8747234344482422
1.8871188163757324
1.8848130702972412
1.854992151260376
1.883173942565918
1.9064311981201172
1.8925697803497314
1.8814306259155273
1.855947494506836
1.8459067344665527
1.9211585521697998
1.8124194145202637
1.8878984451293945
1.9058876037597656
1.89481520652771
1.8369050025939941
1.8850677013397217
1.8563776016235352
1.8748409748077393
1.8767900466918945
1.8632614612579346
1.8978960514068604
1.9051897525787354
1.8923046588897705
1.8546571731567383
1.8834483623504639
1.8704724311828613
1.9086577892303467
1.8983206748962402
1.8361420631408691
1.9087450504302979
1.840348482131958
1.865490436553955
1.847909927368164
1.8511691093444824
1.9022696018218994
1.893907070159912
1.91461181640625
1.911494493484497
2.239028215408325
1.8537523746490479
1.8816273212432861
1.8684122562408447
1.8296833038330078
1.8713815212249756
1.8331797122955322
1.8683340549468994
1.906926155090332
1.8385138511657715
1.883636236190796
1.8182570934295654
1.8715565204620361
1.9113211631774902
1.9036626815795898
1.888660192489624
1.860964298248291
1.923098087310791
1.8642051219940186
1.9242196083068848
1.8902697563171387
1.9261558055877686
1.841083288192749
1.8439397811889648
1.8167338371276855
1.9062318801879883
1.830552577972412
1.870161771774292
1.8559963703155518
1.9022037982940674
1.9051682949066162
1.8582401275634766
1.8575165271759033
1.8773179054260254
1.8342700004577637
1.8601853847503662
1.8687951564788818
1.8588666915893555
1.8635928630828857
1.8404808044433594
1.871340036392212
1.844454288482666
1.8802909851074219
1.8036396503448486
1.8152763843536377
1.870922565460205
1.8828225135803223
1.848313570022583
1.8102645874023438
1.9078645706176758
1.805229663848877
1.8866276741027832
1.9005165100097656
1.8735530376434326
1.9157168865203857
1.9118213653564453
1.8878166675567627
1.9272253513336182
1.8742010593414307
1.8761875629425049
1.8632502555847168
1.8700661659240723
1.9322543144226074
1.9079968929290771
1.8134589195251465
1.8912224769592285
1.8834607601165771
1.897782802581787
1.7957038879394531
1.8485708236694336
1.8397135734558105
1.895395278930664
1.8738970756530762
1.8919923305511475
1.8970465660095215
1.9258220195770264
1.823171615600586
1.8964314460754395
1.900362253189087
1.851179599761963
1.8898062705993652
1.9245033264160156
1.8332161903381348
1.8254718780517578
1.855520486831665
1.8525688648223877
1.861311674118042
1.8780641555786133
1.95943021774292
1.8984546661376953
1.8884408473968506
1.8156487941741943
1.891249656677246
1.9213180541992188
1.8729455471038818
1.9160706996917725
1.9010326862335205
1.8726837635040283
1.8663580417633057
1.8888859748840332
1.8459646701812744
1.8538148403167725
1.907742977142334
1.8585436344146729
1.9054994583129883
1.8852064609527588
1.8459804058074951
1.8602609634399414
1.8861370086669922
1.870713472366333
1.8888912200927734
1.8477461338043213
1.9038918018341064
1.9033093452453613
1.8972573280334473
1.8736546039581299
1.8612611293792725
1.877657413482666
1.8634717464447021
1.8415613174438477
1.894221544265747
1.8447496891021729
1.9191677570343018
1.92018723487854
1.9201066493988037
1.8682715892791748
1.8534190654754639
1.8320035934448242
1.8990912437438965
1.9095983505249023
1.929490327835083
1.9201159477233887
1.863410472869873
1.8449065685272217
1.8970668315887451
1.8953542709350586
1.8871033191680908
1.8599066734313965
2.032883882522583
1.9024112224578857
1.8613271713256836
1.8618028163909912
1.8809571266174316
1.8960022926330566
1.9398033618927002
1.880110263824463
1.8888664245605469
1.921295404434204
1.8594856262207031
1.8438208103179932
1.8870115280151367
1.8970365524291992
1.8812687397003174
1.832993745803833
1.9225080013275146
1.863069772720337
