1.1787803173065186
1.2084906101226807
1.2303013801574707
1.2563714981079102
1.2590274810791016
1.1660614013671875
1.2511892318725586
1.1911609172821045
1.2519094944000244
1.1756606101989746
1.1973514556884766
1.156954288482666
1.276810884475708
1.2041535377502441
1.2354700565338135
1.1750102043151855
1.2112867832183838
1.1964209079742432
1.2604825496673584
1.2833914756774902
1.1973834037780762
1.199066400527954
1.2163419723510742
1.2054107189178467
1.2149379253387451
1.1957106590270996
1.1570401191711426
1.2405896186828613
1.2213878631591797
1.2085537910461426
1.2030370235443115
1.1658248901367188
1.2714333534240723
1.188040018081665
1.1928400993347168
1.227111577987671
1.1682806015014648
1.1897733211517334
1.1806480884552002
1.1781854629516602
1.2219252586364746
1.209244728088379
1.207888126373291
1.1712453365325928
1.2415637969970703
1.2179934978485107
1.201841115951538
1.1641550064086914
1.1893413066864014
1.160874366760254
1.2117912769317627
1.2096681594848633
1.1922869682312012
1.156322956085205
1.209439754486084
1.2090654373168945
1.1812820434570312
1.1768782138824463
1.1723647117614746
1.2143609523773193
1.2171761989593506
1.1969974040985107
1.1708106994628906
1.263413667678833
1.1591839790344238
1.2191925048828125
1.1895289421081543
1.214216709136963
1.1611359119415283
1.175281047821045
1.2213306427001953
1.270792007446289
1.2215323448181152
1.244964599609375
1.2146708965301514
1.1459169387817383
1.1708016395568848
1.201981544494629
1.2154085636138916
1.172501564025879
1.1955559253692627
1.1851880550384521
1.220860481262207
1.2055284976959229
1.2001190185546875
1.1957125663757324
1.1945228576660156
1.1611080169677734
1.1864817142486572
1.206768274307251
1.2346010208129883
1.1905744075775146
1.279550552368164
1.1856093406677246
1.1842715740203857
1.1727535724639893
1.2205758094787598
1.1917400360107422
1.2175962924957275
1.1531445980072021
1.1996722221374512
1.2424511909484863
1.2120530605316162
1.2073321342468262
1.210998296737671
1.2236030101776123
1.217580795288086
1.1613256931304932
1.2265985012054443
1.1999022960662842
1.2541847229003906
1.2734448909759521
1.15553879737854
1.1952905654907227
1.1893773078918457
1.2066435813903809
1.172736644744873
1.2424471378326416
1.1803138256072998
1.220923662185669
1.1962292194366455
1.260591745376587
1.1769540309906006
1.2201969623565674
1.2036709785461426
1.129697322845459
1.1830956935882568
1.2019779682159424
1.174736499786377
1.287264108657837
1.1856412887573242
1.2363054752349854
1.2311878204345703
1.2035346031188965
1.236206293106079
1.2083232402801514
1.1798453330993652
1.2345993518829346
1.158562421798706
1.256763219833374
1.155189037322998
1.2050566673278809
1.2539312839508057
1.176764965057373
1.2418549060821533
1.2020173072814941
1.155463457107544
1.2183294296264648
1.2107884883880615
1.205477237701416
1.1860647201538086
1.2074244022369385
1.189326524734497
1.162388801574707
1.2391657829284668
1.2183070182800293
1.205394983291626
1.1933746337890625
1.2547049522399902
1.181471347808838
1.2062082290649414
1.2467482089996338
1.2195045948028564
1.1927165985107422
1.1709508895874023
1.2452282905578613
1.2042739391326904
1.18318772315979
1.2304203510284424
1.1613028049468994
1.2160439491271973
1.1752848625183105
1.2599616050720215
1.201530933380127
1.2094035148620605
1.1913790702819824
1.1512172222137451
1.20955491065979
1.2280631065368652
1.1857845783233643
1.247476577758789
1.1706275939941406
1.2518267631530762
1.1902847290039062
1.2029569149017334
1.200380563735962
1.1455891132354736
1.1828522682189941
1.2589271068572998
1.241260051727295
1.2054443359375
1.2226405143737793
1.2088165283203125
1.1666531562805176
1.202890396118164
1.2236709594726562
1.1357574462890625
1.1811814308166504
1.2539472579956055
1.173710584640503
