1.4150607585906982
1.4921979904174805
1.470978021621704
1.4393575191497803
1.4512569904327393
1.4489786624908447
1.472691535949707
1.457838773727417
1.390117883682251
1.5061488151550293
1.4574668407440186
1.4763994216918945
1.4411776065826416
1.4511351585388184
1.4740726947784424
1.4453275203704834
1.4660248756408691
1.5652103424072266
1.4998245239257812
1.4787206649780273
1.390855312347412
1.458993911743164
1.4381816387176514
1.4275732040405273
1.4674534797668457
1.464954137802124
1.5104906558990479
1.5096094608306885
1.489466667175293
1.4726359844207764
1.5136072635650635
1.4644231796264648
1.461435079574585
1.4866561889648438
1.4595904350280762
1.5175302028656006
1.415463924407959
1.483022689819336
1.3993089199066162
1.450317144393921
1.4598309993743896
1.4946415424346924
1.4608139991760254
1.498098611831665
1.4859812259674072
1.4831206798553467
1.4551291465759277
1.4987890720367432
1.4715828895568848
1.488607406616211
1.392451286315918
1.504544734954834
1.4791009426116943
1.4795632362365723
1.4749717712402344
1.4906322956085205
1.4580433368682861
1.485088586807251
1.4021883010864258
1.493821144104004
1.4881041049957275
1.466808557510376
1.527703046798706
1.4687528610229492
1.3920483589172363
1.4458684921264648
1.476015567779541
1.4685237407684326
1.5650885105133057
1.5225803852081299
1.4663910865783691
1.5253081321716309
1.458458423614502
1.4764113426208496
1.484738826751709
1.4457907676696777
1.4473974704742432
1.5051183700561523
1.4508116245269775
1.4852368831634521
1.4092373847961426
1.495150089263916
1.4882209300994873
1.492560863494873
1.4590790271759033
1.4507362842559814
1.4569141864776611
1.5301241874694824
1.4504406452178955
1.459954023361206
1.476374864578247
1.5213055610656738
1.484771966934204
1.4716618061065674
1.5018954277038574
1.4877448081970215
1.4688060283660889
1.4479291439056396
1.506030797958374
1.476165533065796
1.4675891399383545
1.4053394794464111
1.4375431537628174
1.5047290325164795
1.492323398590088
1.4084360599517822
1.4811947345733643
1.493912935256958
1.4636850357055664
1.4809398651123047
1.5334596633911133
1.4752209186553955
1.489865779876709
1.4778244495391846
1.4494502544403076
1.4831271171569824
1.461777687072754
1.4641740322113037
1.4185495376586914
1.458989143371582
1.4613070487976074
1.454695701599121
1.4560127258300781
1.4376540184020996
1.4400691986083984
1.4746174812316895
1.4509332180023193
1.4296386241912842
1.484649896621704
1.4397742748260498
1.4333319664001465
1.506270408630371
1.4975159168243408
1.4518406391143799
1.4370949268341064
1.4377801418304443
1.4653053283691406
1.4845287799835205
1.4505088329315186
1.4455478191375732
1.4846563339233398
1.471132516860962
1.4231889247894287
1.4405796527862549
1.4257068634033203
1.4611520767211914
1.4821438789367676
1.4258863925933838
1.4887974262237549
1.494802713394165
1.4486637115478516
1.441030502319336
1.4505059719085693
1.4946098327636719
1.5096220970153809
1.4272277355194092
1.4337904453277588
1.4504525661468506
1.4628534317016602
1.4624543190002441
1.4743907451629639
1.4590322971343994
1.4358294010162354
1.4950571060180664
1.4955003261566162
1.4677979946136475
1.4611256122589111
1.4749574661254883
1.4603629112243652
1.4520111083984375
1.4646155834197998
1.4453167915344238
1.4600722789764404
1.4192497730255127
1.5428447723388672
1.4733657836914062
1.438316822052002
1.476034164428711
1.473872184753418
1.4756979942321777
1.4769728183746338
1.5130658149719238
1.4646568298339844
1.4839396476745605
1.516226053237915
1.5112645626068115
1.5063364505767822
1.446854591369629
1.483046054840088
1.4881994724273682
1.4571518898010254
1.4888315200805664
1.49969482421875
1.4776628017425537
1.4740979671478271
1.4776904582977295
1.4514856338500977
1.4982352256774902
1.4496667385101318
1.4587292671203613
